---

md5GridSection=51ea7dcd62e71c9707157a2d15247593, centre=ecmf, gridName=N640, edition=2:
- east: 359.859375

md5GridSection=8a6f6c4cc9ad3f64546773b87566bc72, centre=ecmf, experimentVersionNumber=h5xa/h5zi:
- north: 89.973091
- south: -89.973091

md5GridSection=f5dc74ec36353f4c83f7de3bf46e1aef, centre=ecmf, experimentVersionNumber=h5wk/h6en/hc9k:
- north: 89.892396
- south: -89.892396

