---

md5GridSection=51ea7dcd62e71c9707157a2d15247593, centre=ecmf, gridName=N640, edition=2:
- east: 359.859375

md5GridSection=8a6f6c4cc9ad3f64546773b87566bc72, centre=ecmf, experimentVersionNumber=h5xa/h5zi:
- north: 89.973091
- south: -89.973091

md5GridSection=f5dc74ec36353f4c83f7de3bf46e1aef, centre=ecmf, experimentVersionNumber=h5wk/h6en/hc9k:
- north: 89.892396
- south: -89.892396

# climate.v014 files (md5GridSection for lsm, clake)
md5GridSection=ffa89d4755e4c0b06f712279d96d0dde/0e622d0d974f9f7e24ac408a31eadb3d, centre=ecmf, gridType=regular_ll, edition=2:
- west_east_increment: 0.008333333
- south_north_increment: 0.008333333
- north: 89.995833333
- west: 0.004166667
- south: -89.995833333
- east: 359.995833333

