---

md5GridSection=8a6f6c4cc9ad3f64546773b87566bc72, centre=ecmf, experimentVersionNumber=h5xa:
- north: 89.973091
- south: -89.973091

md5GridSection=8a6f6c4cc9ad3f64546773b87566bc72, centre=ecmf, experimentVersionNumber=h5zi:
- north: 89.973091
- south: -89.973091

